956.6463287938386
1798.4649008638223
1333.0492433472537
1370.0603651697747
1344.6040222039446
1189.301546396222
1338.4378047161736
1310.700042549055
1335.8132234825753
1321.5027702185323
1378.3446279927157
1491.8357895873487
1314.4425270198844
1328.5799274826422
1340.4711685399525
1318.226967680268
1343.874634672422
1020.6504918658176
1289.836946851574
1328.0539110647514
1296.6879489901476
1270.6260467339307
1591.231276512146
987.4373674024828
1590.6349319266155
1278.2385864239186
1174.8460042458028
1140.4944701325148
1496.7733543086797
1246.696019318886
1237.4380262913182
1104.4328903476708
1183.6195461731404
1402.5795017415658
1188.5114099076018
1170.8175292536616
1169.201810787432
1132.082166600041
715.8887204178609
1260.9937744247727
1031.3204035488889
1246.3973902445289
996.173151855357
735.8787048812956
896.8095008777454
1050.9227331397124
637.9950815872289
879.4102339842357
1010.7000377508812
848.9216655325145
805.1829399685375
748.0638432926498
929.5875523989088
783.3462562011555
799.0505139310844
726.8399871862493
770.2823692988604
748.3424393553287
620.8967832634225
726.550442143809
811.3712124521844
710.6051096990705
722.7892543114722
618.5290846782736
775.6972680538893
688.8277604165487
724.7018366265111
515.5412972499616
827.7552571832202
667.566036795266
663.8760219174437
545.5274482788518
737.1933630774729
570.4935045861639
707.2970299059525
737.0508016729727
639.3787417411804
519.2735296613537
681.1975902547128
635.1544929798692
632.6767589803785
602.3504571174271
495.0787425674498
856.2603294174187
621.7660969709978
542.5281097777188
607.1705598700792
660.9757423414849
562.0352031872608
609.9014523527585
619.8572904034518
531.1979867513292
590.9968864014372
648.6462612524629
614.2541877147742
538.6592466589063
556.668500806205
503.776678991504
594.1471929047257
519.9604325825348
663.0429950463586
545.1894203000702
529.0652006412856
546.7573894299567
535.8420736459084
568.1324404962361
431.2317303703167
528.531336995773
547.1277290503494
639.8848810372874
430.8634574390017
506.2154668546282
499.9865758563392
495.0455551915802
489.66861106595024
505.4068574011326
479.3854223554954
391.8773468658328
470.3012707489543
559.8295029690489
367.1058332542889
339.9196179318242
602.1547337835655
443.3229748583399
589.4384403163567
450.0776255149394
231.8858270929195
633.7786238873377
335.1733290934935
438.51567457290366
295.9653136911802
414.2570046735928
514.6569115016609
401.0859903921373
421.2463889899664
424.1444482803345
390.360271235928
471.92525253165513
461.4946709712967
385.3952435110696
36.77812816994265
629.0857892725617
378.5196141912602
376.0557051124051
373.4760247836821
146.7038997723721
417.3513822015375
599.5386863811873
357.5743564395234
364.2898374418728
317.78786534210667
252.7706006700173
-53.67224841983989
756.2963999239728
441.058705849573
358.3325033839792
384.1471526371315
206.3616479053162
502.8609650838189
193.93168310262263
397.6133515108377
379.41336021758616
343.8974963026121
455.4584428188391
268.6617510234937
168.93179522641003
449.1034173234366
413.0951645276509
-12.243367910850791
628.5819883262739
329.4098992710933
208.79714144580063
420.3573907320388
220.92247884860265
553.9484839434735
206.0655348501168
449.524288228713
192.4038361608982
318.47317612264305
509.6609533661977
228.07109448406845
-91.16470354236662
739.9458635183983
290.2876577563584
312.5192899852991
128.36461159354076
105.0676293973811
292.55258585885167
518.746315412689
639.7237320421264
-58.90036344481632
200.83168628253043
782.2990422011353
304.2375122327357
38.75177580723539
269.31018464872614
440.0317919375375
-68.00792491482571
604.6819147160277
302.1377667784691
306.4959365129471
