1012.6608061236328
1144.513346427586
1057.9597258041613
1054.0291405608878
1068.167386956513
1055.6062292559072
1069.7480794610456
1040.6040565287694
1051.370990249794
1034.7905986253172
1062.6762465289794
1016.49036662234
1040.7744167889468
1031.5611492898315
1027.7593544046397
1022.9239388988352
1030.9903958812356
780.5370427486487
907.2324988478796
694.7346239401959
1329.231023846194
980.69275904214
748.6946372762322
1197.9252780340612
768.487175592687
961.0171336410568
964.4941466124728
1185.5560117536224
704.1802729940973
931.0154600949028
920.0590283237398
1142.7989450059831
894.6045709387399
891.2895941603929
875.0251067420468
843.963765189983
830.1377676110715
762.3528479263186
775.642372995615
756.2442340860143
761.6828269748949
705.434355316218
665.3821405437775
553.0808621011674
633.4267939128913
299.3423255197704
899.0340007427149
522.122434312012
588.1359403938986
524.6066858898848
551.8944727191702
493.5656753736548
506.1491345134564
447.7575937365182
447.59338425379246
568.3551901122555
478.6010515037924
459.3032530276105
145.72143743466586
444.42722625890747
738.3272714042105
425.5771014513448
434.221778514795
426.4256554250605
415.2348224059679
409.3385869124904
416.3864322709851
322.290618466679
476.31458192458376
393.3114913091995
388.2206649389118
377.9831359498203
408.96657262090594
375.114835602697
7.728847384918481
658.1790459388867
386.2951093660668
348.42588186915964
398.06511958502233
355.1309446031228
369.2888537715189
317.2738753799349
341.5465891337953
362.5670649562962
340.03869267366827
352.3074156348593
283.76594802504405
369.3693594941869
254.50538470828903
324.0402166401036
18.107361685018983
696.111366475001
302.47610424505547
313.55151905911043
-62.84326514415443
671.8123806710355
250.8061849302612
312.3614192651585
273.0947548346594
312.7028447291814
296.0185673199594
495.56338738370687
239.77924273628744
221.99144981987772
470.9966329950839
277.7119449735619
256.1149844927713
280.7441991898231
237.80436173360795
276.77757011633366
209.37982731731609
273.69261247105896
272.35573078040034
344.7204476362094
267.93000909499824
316.34549311734736
250.6819910351187
168.80086138145998
260.4453003513627
491.9728624210693
17.6913336860016
243.89551474759355
380.5922680264339
250.99701950745657
214.2180935475044
14.15506417490542
481.8723355252296
11.59644733602181
479.3212529877201
-42.15356956142932
481.94171459879726
228.15609236015007
279.36497617000714
84.31558239972219
326.0899947639555
65.6101877023466
234.46309456508607
233.2375744995661
493.6661705505103
231.0799927096814
-207.92182253487408
325.43795962119475
184.50132731627676
211.98690302157772
224.0780569561757
440.2089265347458
-44.07831129617989
448.2220141175203
219.20880300365388
218.2396612372249
109.48009011661634
518.8085613725707
144.99098962265998
12.404511174652724
295.3969100951217
33.24080066988245
239.4898982876912
518.3258422561921
-92.76639076275752
470.15407390892506
-59.57162693142891
233.4652266278863
328.1790846772492
519.4037299063057
-412.216480226256
827.7534266221337
-29.24437826545909
21.830632713157684
77.43875410268083
521.9805549262092
194.57092724135143
203.6118480288424
203.26679009851068
-200.7731885598041
291.71999112376943
509.673612551298
-120.30647638626397
509.98386459983885
196.88439215393737
-62.26708768028766
136.2288643452339
88.29492338607088
270.4779646624811
385.9127742401324
194.89756378764287
213.77945118257776
133.68264534603804
173.87773903505877
256.27619194611907
146.9523827014491
475.7611231361516
-61.07686179876328
344.1567906611599
74.48589718481526
448.8455477543175
169.0493511869572
-58.567718256264925
111.18690450908616
222.3319468214177
221.85042438935488
195.6955303102732
