1287.6449832925573
1301.3938909736462
1284.1724131861702
1264.8498866590671
1284.470689214766
1279.1904599340633
1295.1728747119196
1278.5101055391133
1277.8954713870771
1273.8558089951985
1282.659332237672
1274.9610782652162
1259.6756201661192
1274.6182497912089
1287.6986839589665
1271.5027079032734
1272.8013782054186
1268.1230895021
1271.2628665538505
1268.0976198278368
1271.3654742683284
1263.7570335692726
1255.5174825196154
1231.2683345200494
1297.1020157546736
1246.9991898355074
1247.7870235075245
1247.0789974909276
1226.0485401237383
1242.839886452537
1225.420507456176
1230.6473730690775
1211.550692178309
1217.2136715292
1169.4574474622495
1179.4590059872717
1177.7048915890043
1118.564795687329
1140.4863890702836
1112.5716287083924
1102.736985962838
1066.586752910167
1023.9433506047352
963.0557748004794
995.6510109081864
937.909014472738
949.3745061848311
927.3570576463826
905.0036592795514
894.1594522614032
901.851193241775
844.9544793809764
853.0827903063037
840.5113644986413
826.2069875062443
815.2718507680111
818.6039983709343
788.1191047974862
776.6526135550812
766.4214359372854
766.3000400387682
738.2858677078038
751.7705682022497
737.5680905422196
724.3047561403364
726.0138710560277
719.2823356776498
701.4585344637744
708.5271510188468
702.8216767422855
697.921325027477
693.8206408699043
731.8701150338165
684.9235973828472
680.2084097461775
629.0054978989065
715.830660562031
644.1214198912494
655.6455881414004
669.0223737834021
704.76228716271
650.0123322000727
640.378973246552
691.7562205484137
655.4053570665419
650.0967294410802
661.6609419346787
638.5791532751173
645.1833311091177
643.2199011435732
636.534629561007
630.5223924214952
617.4353787787259
634.096492767334
626.8687148150057
589.9656373714097
602.1640161164105
598.659043814987
614.3957301033661
571.1362000838853
624.0998275838792
542.9323485950008
581.9346293164417
578.6846151095815
575.9051949875429
570.7727517192252
551.2038914808072
560.8123149126768
576.7666282262653
550.1394768538885
548.4594572009519
539.2090901751071
533.3090181825683
527.9164460846223
522.1579359676689
516.6348380898125
511.6932030352764
517.3609324451536
502.65163690876216
487.185182495974
500.76417810143903
458.0361676448956
520.3892779489979
482.2761674234644
477.6479641152546
478.1319360821508
466.8475839653984
461.9233237672597
450.6434259773232
457.5068397112191
450.8496810565703
445.1952492925338
423.3872871110216
445.70506346644834
413.7041854923591
432.8995424597524
423.4657399002463
420.5993308653124
434.3756327750161
416.0634327759035
400.8773476751521
411.00901933014393
411.0597007735632
406.9874642486684
404.2874803976156
399.5910671898164
384.2817063401453
408.067608864978
395.6563141825609
393.7764664748684
393.4219359350391
398.38077620230615
376.5988144101575
397.2004745542072
394.8539093798026
329.86053943494335
412.9269190984778
400.533579276409
366.89318439364433
394.7471946515143
367.8273609499447
381.37964090611786
373.21748121874407
372.3686842401512
322.3367917085998
424.9671852653846
367.9461101568304
366.24101170152426
372.79861052008346
364.726742091123
363.0450924714096
361.3900209502317
370.6272324649617
358.19194791605696
344.9265617262572
355.1497866609134
345.39458935614675
349.9337382107042
348.28226476721466
335.9041528762318
345.0936402725056
347.33870959375054
342.35770199727267
343.80007536895573
342.7817686474882
342.7231734935194
342.4719269564375
342.2432821765542
341.36174829723313
339.8380370261148
353.8404825986363
309.2367692752741
338.2516281725839
338.48322339961305
338.3133812453598
331.075166686438
337.694783361163
380.54098250856623
330.6112483628094
308.198396300897
338.10162187414244
