766.6697354661301
1317.6421784400009
1025.4132557548585
1031.692100328859
1017.0515625989063
822.1342959199101
849.2415563976392
1161.391194512602
945.5572185846976
1004.9015808212572
1024.459012946114
1160.8968145949766
996.1434697117656
998.9008703706786
990.9110551024788
986.872557300143
983.6089107422158
613.3347920528613
1206.7267873147505
542.8845981126651
1336.342763472814
963.0682333908044
956.8444569599816
951.5619626888074
887.2084019840695
937.7147904336452
884.3853819500655
1070.409949428402
870.5560591001995
904.5414591850712
896.2074147253297
1036.061104417313
815.8252109787427
916.4882234460674
857.4037871528417
908.1543600931764
858.8626986187883
827.2914569238201
654.4650973612443
899.4279141402803
799.7230268297717
801.8274891027249
784.6669860836118
639.7623033551499
732.4380326196551
550.5285977805033
958.768164777197
712.8742261989973
829.8518619122915
719.8077812623233
755.4760127509944
651.7534584403038
675.6106473989785
676.1605367646553
662.7264179899357
720.5251239989884
669.3239441351034
646.4209429649636
359.05044446280226
630.6248751948588
871.4060286921449
616.4935292252339
641.8633245849051
560.442337507382
649.9728312790394
599.3867967939004
548.601572714746
449.4970567678101
731.1327679422684
515.4949956270866
583.8359772353433
590.9177424237132
625.9348981813528
530.9211582061835
377.7758114198223
865.5407190239057
570.1821739161387
476.60457515111193
672.3604532312602
568.6723185149021
566.7575927129947
563.9613548098132
479.2482368624769
689.5133623438887
560.5111629422754
515.0017596678808
488.1132277613506
659.2600628510118
468.4046396487393
555.3964189197868
275.2835868387483
844.8620469276793
539.4438032023609
581.2892997362651
191.50242172274736
799.4424454621039
447.1577186998911
469.2207295303233
557.6934855799191
522.5521382200532
551.0542164486833
423.2086497801356
516.699392597191
407.9988201102242
596.852009346243
615.1797891748138
339.69692677399144
478.8117093290202
570.9778594011441
308.2484461609274
411.7329919766634
458.04304743744433
612.5673375581391
286.31677609542385
441.0971098099835
516.9329891777597
591.3182284184732
155.49195895623416
422.4504936663434
693.0846692789346
300.64446437358856
412.5329311951064
489.9210932608694
386.7871921989136
444.7266175886616
244.41326211765409
330.76057837344706
281.49623318295926
481.2785562463105
242.02838009875268
519.6181485773996
527.2845918196253
211.60015139402825
394.42642805119976
125.59691187739372
348.3716837298125
341.52508319169283
389.0466423723847
744.6520198513754
339.2901535970159
-303.9799372483976
498.77525095129386
333.0344288861379
331.46281353523955
329.30222742352635
308.74032496102154
284.2018932639621
491.1778612472117
320.8830062728375
319.1430090884678
243.92316115135327
618.6173207112588
23.57466813642532
492.5534208524041
312.7940461100079
123.18789441883564
292.92739470722154
548.5149930138141
66.47364178020507
686.8198639750481
32.668221285101026
139.2163082100451
298.1264855363406
587.3276874232106
56.93668015906587
463.6460618646816
191.3744520805776
433.4086631522514
-102.44233519630508
653.0672397552989
271.0513693471439
445.18713613506407
329.9628617335111
-230.83366129221395
410.16385023249313
666.336426910013
51.46398633206263
503.4760371027514
275.35394710255787
68.38553634518757
251.05922993365675
107.94346404634416
432.9223046922125
273.2617107327096
268.1110191633925
331.7983965626918
-127.9958824547939
266.89967821119353
500.8054683185183
241.64516923762855
360.6658488563262
-212.8499765438028
643.3494445872493
263.8465805849992
441.4756393865682
262.71682626893744
14.601017322391272
124.0867538661696
346.99236327875406
256.98577571613714
264.6776634166017
