1093.2048890262377
1097.6781434065197
1086.5186316687614
1081.2835462973453
1076.7952026824933
1074.818447561236
954.846547794994
1186.1831480539404
1017.8984281462616
1065.8673767261207
1063.4259524876252
1112.064202173613
1060.3379561337642
1060.1995361298325
1059.0902675939724
1057.7537630186416
1056.15979350009
1055.1545666374732
727.9924819562584
1004.1361895774024
1052.5027413337957
1050.8661783111747
1100.579196701292
1000.7033645438496
1049.1131849449594
1048.487519283546
1047.01686792518
1046.1813319125213
1092.6340737200808
1039.3064373387024
1034.9936797374394
1030.5547051101455
974.2548046524172
1015.481278043706
1004.4239671023096
1041.4396590238905
977.8814800474792
960.69895871263
942.2207117925864
922.3113247512374
900.0983007447794
825.562632238958
846.1487320384476
820.6991496551782
799.3145056224894
783.3100977449212
767.9670325601473
804.3570771599188
741.9489732200745
727.7074244823307
713.1577316501644
700.0543610197492
687.2606888001319
677.1115230775904
665.0610931124538
655.2111238574143
644.7245972738601
633.7626497473102
623.8157329601236
615.3688596738502
607.1853533724789
601.455139582511
596.9549070624635
590.7395360823721
586.649751616409
577.3555932550225
575.7796874898486
514.3648022974376
627.3566940727178
510.2356361199636
559.2584056849591
555.5096409099642
556.1253261724487
547.7014180051629
593.3980142213404
541.367829677416
539.8005780999083
538.8776840826031
537.7167999085505
537.4441941487603
535.3576351550873
532.1217049225233
518.0661535875406
528.6106609350536
527.0074182536919
537.0453725086991
534.06751473248
519.1476049288176
521.4470523500349
518.1511354162358
528.5969529310241
508.873134595342
503.22049212735146
499.0749231125228
494.3221556700301
440.2258795725648
485.9055559923872
482.9361277387943
478.81976632005535
523.6878278185613
475.1475584364962
531.3852840012405
535.4356844634749
652.504361083731
464.0160942901857
354.2673002488445
406.84294504858553
451.5039651412517
464.6541864476167
326.2276685584802
423.1451796251349
432.6219413424842
543.1785986288451
351.9515634686686
417.6137038061861
413.4245600975119
511.31028217519633
273.2729405434802
402.25911995512433
664.2714644125663
244.4922891773749
423.7539094425738
390.2424401750322
385.8050886373967
366.6345353738871
375.5530057125725
256.236677269917
367.9375992512796
364.1734518010635
343.64874858991243
356.87599560408853
455.0514621711336
247.23698365618475
169.54337232885882
666.6134400011506
186.87078539514917
335.0005892186892
332.17751875007525
463.120281574782
329.14799490128644
195.24478698382157
342.5684159889352
308.04146092105657
309.20144070358947
321.02072362508625
469.59706403757446
90.63213172135876
422.5966714899987
315.34822466853075
313.9186652263161
313.4243804474827
442.954480701359
196.8716217824258
413.7698025738355
311.7586831885856
209.7809162400663
296.94474648986943
310.27239927253686
308.99117031134665
422.33556720241904
305.3038112951908
188.38654512981884
422.4985261263792
302.3643758187536
61.25907084485516
530.6815059876535
300.21019724500366
274.12888897629455
182.05283415364104
552.5470534763299
-49.93142371880822
409.7659180825576
293.0505604161881
291.01848039240576
172.82012052391656
402.60767394746654
285.87633411749266
284.81476677488536
283.2104420338292
281.8601996526122
281.0164026161656
280.45576944877394
288.37154957605526
478.00635866378434
280.84181384020485
197.9976645412389
248.0983813612256
280.4071971049998
197.23884474881925
279.2944347986486
277.724118148908
387.982415729668
278.4261022815481
170.9775087472517
278.95190205750987
278.65246029244736
278.66132424399257
277.71307402988896
280.7159624674823
280.14444107119925
280.9934833475854
