&NAMFPC
    CFPFMT = 'MODEL',
    MFP2DF = 129, 134, 152,
    MFP3DFP = 129, 130, 131, 132, 133, 135, 157,
    MFP3DFS = 54, 246, 247, 248,
    MFPPHY = 8, 31, 33, 39, 40, 41, 42, 43, 44, 45, 78, 79, 129, 134, 137,
             139, 141, 143, 144, 146, 147, 151, 164, 165, 166, 167, 168,
             169, 170, 172, 175, 176, 177, 178, 179, 180, 181, 182, 183,
             201, 202, 205, 208, 209, 210, 211, 212, 228, 236, 238, 
    NFP2DF = 3,
    NFP3DFP = 7,
    NFP3DFS = 4,
    NFPPHY = 50,
    NRFP3S = -1,
    RFP3P = 100000.0, 92500.0, 85000.0, 70000.0, 60000.0, 50000.0, 40000.0,
            30000.0, 25000.0, 20000.0, 15000.0, 10000.0, 7000.0, 5000.0,
            3000.0, 2000.0, 1000.0, 500.0, 100.0, 
/
